==== Crate 1 type vme Bank Decoding
# slot  model   bank
  3      250     3
  4      250     3
  5      250     3
  6      250     3
  7      250     3
  8      250     3
  9      250     3
  10     250     3
  13     250     3
  14     250     3  
  15     250     3
  16     250     3
  17     250     3
  18     250     3
  19     250     3

==== Crate 2 type vme Bank Decoding
# slot  model   bank
  3      250     3
  4      250     3
  5      250     3
  6      250     3
  7      250     3
  8      250     3
  9      250     3
  10     250     3
  13     250     3
  14     250     3  
  15     250     3
  16     250     3
  17     250     3
  18     250     3
  19     250     3

==== Crate 3 type vme Bank Decoding
# slot  model   bank
  3      250     3
  4      250     3
  5      250     3
  6      250     3
  7      250     3
  8      250     3
  9      250     3
  10     250     3
  13     250     3
  14     250     3  
  15     250     3
  16     250     3
  17     250     3
  18     250     3
  19     250     3