0
0
0
0
377.060
390.994
403.644
368.266
385.185
394.674
383.409
376.270
391.801
395.657
374.777
396.246
400.908
405.701
378.853
371.500
384.388
405.691
384.155
372.179
375.618
413.962
402.212
375.288
373.353
420.052
0
0
0
0
357.329
367.021
412.400
398.316
362.090
378.899
388.227
381.011
389.157
367.091
412.571
389.214
389.109
379.5
361.662
378.104
367.659
398.794
379.862
335.858
386.125
347.030
365.866
345.245
375.154
357.237
0
0
0
0
386.167
397.625
391.334
398.155
386.014
396.715
383.636
383.356
381.427
386.306
399.145
366.062
397.711
409.113
390.352
367.162
362.353
431.673
390.230
400.304
379.503
400.271
381.026
365.377
392.606
385.362
0
0
0
0
381.385
381.665
397.694
390.216
374.490
374.233
381.861
403.709
373.603
375.413
381.004
380.951
375.396
398.112
398.927
394.308
374.148
380.095
373.497
381.820
342.182
381.819
378.474
380.516
403.985
389.363
0
0
0
0
347.705
352.368
374.873
352.167
391.998
392.764
371.525
367.270
394.036
353.417
386.538
379.713
369.206
387.187
397.793
375.248
351.053
387.761
318.000
403.043
358.009
364.693
331.192
363.000
372.219
374.892
0
0
0
0
362.531
374.922
374.575
372.72
373.149
373.155
315.388
384.288
365.147
396.397
392.878
382.558
393.732
372.442
380.718
375.648
356.954
375.218
378.734
368.542
348.821
356.807
369.287
394.904
380.117
397.55
0
0
0
0
376.690
399.941
350.194
363.918
364.498
380.756
370.622
374.965
365.603
359.377
364.380
351.307
416.660
386.760
343.582
373.272
373.347
388.889
366.198
390.339
364.849
373.266
359.538
351.343
382.763
365.775
0
0
0
0
378.793
373.316
374.040
392.385
374.311
405.186
396.294
405.844
384.553
381.516
380.625
337.946
358.342
359.833
343.026
353.215
341.551
385.918
341.578
317.152
369.566
350.447
366.613
343.385
371.054
355.426
0
0
0
0
359.098
423.060
384.578
353.828
412.392
390.762
388.819
386.468
392.509
371.668
383.094
414.956
364.983
404.115
399.097
369.309
403.355
414.469
347.933
386.339
402.696
407.205
386.855
394.174
428.316
395.529
0
0
0
0
375.5
382.32
371.825
408.946
421.759
370.679
390.598
422.267
383.710
359.441
372.281
371.660
399.138
406.355
388.448
363.818
387.005
375.718
401.076
388.121
389.069
393.330
353.188
372.730
369.914
384.085
0
0
0
0
356.734
398.561
366.055
380.098
385.647
398.842
417.466
438.721
387.961
379.475
360.445
359.581
406.903
343.387
354.655
383.187
404.954
372.966
347.856
400.955
361.542
385.288
383.102
418.540
387.262
354.421
0
0
0
0
352.303
384.686
376.840
404.354
378.029
375.591
391.651
384.626
384.941
377.807
380.886
404.478
388.065
356.552
373.887
398.908
389.033
436.592
367.200
364.498
386.192
362.621
401.454
385.283
378.091
379.595
0
0
0
0
382.673
386.514
370.334
345.754
359.008
398.906
345.701
373.146
363.271
402.580
363.459
405.330
377.963
347.492
344.374
373.157
350.228
363.224
379.15
362.848
378.848
386.912
353.665
396.370
354.038
362.109
0
0
0
0
368.827
359.714
388.845
394.813
358.25
359.059
368.552
386.121
395.739
363.933
385.911
415.745
405.072
379.964
395.645
378.659
380.000
366.188
388.568
373.084
388.994
354.538
385.185
380.104
369.887
389.705
0
0
0
0
365.021
379.965
369.848
384.582
362.327
413.668
389.101
384.654
358.459
367.291
375.578
411.084
383.011
396.455
366.266
375.815
372.178
375.476
359.271
391.167
365.519
391.168
339.266
418.908
362.806
366.391
0
0
0
0
0
365.689
371.451
370.897
388.695
387.076
389.913
407.802
381.099
370.664
396.844
378.039
383.591
368.373
382.687
378.145
354.416
394.924
376.420
401.375
378.623
348.906
367.896
359.991
369.955
374.089
0
0
0
0
411.015
386.434
398.986
394.142
376.806
400.436
365.276
407.01
418.315
397.964
399.816
396.208
395.279
401.254
356.792
392.142
397.76
403.694
385.424
383.567
383.511
409.637
345.04
376.03
391.402
383.729
0
0
0
0
374.5
399.247
368.171
416.579
415.286
375.14
377.496
414.531
371.936
396.67
370.207
383.048
399.691
394.392
367.778
368.025
361.328
400.826
390.616
391.049
402.412
373.888
404.78
363.071
374.994
375.21
0
0
0
0
377.139
383.157
364.717
381.422
369.251
376.076
357.497
392.535
374.839
354.728
373.414
344.038
382.156
388.664
405.622
372.125
373.143
394.505
395.949
394.198
402.226
365.954
388.307
367.54
387.968
421.846
0
0
0
0
395.996
400.224
389.987
374.844
370.839
367.634
390.569
403.506
353.008
415.691
360.504
400.611
357.94
364.327
317.632
374.751
348.299
385.061
379.986
406.319
401.38
379.111
389.01
404.399
428.866
406.231
0
0
0
0
368.322
404.216
366.451
380.968
376.01
355.611
349.612
368.986
369.15
365.256
368.582
363.277
382.175
399.177
354.077
395.805
358.273
391.666
383.406
394.963
397.011
372.994
382.77
344.729
377.848
378.469
0
0
0
0
394.25
388.802
388.188
386.055
401.701
367.851
399.658
397.221
382.53
362.84
386.051
390.114
414.519
396.372
374.408
392.657
393.902
367.148
386.43
380.181
362.651
386.271
348.304
371.177
358.559
343.116
0
0
0
0
338.25
386.336
362.944
345.117
354.232
360.619
341.704
337.349
398.869
395.934
394.858
378.766
416.128
398.82
385.852
382.6
406.311
406.288
385.29
398.325
379.303
388.192
374.324
393.041
381.325
366.611
0
0
0
0
362.765
428.64
397.224
394.91
389.782
400.829
372.427
389.289
393.373
411.989
365.557
370.334
376.886
379.709
375.779
375.688
373.557
369.912
397.94
393.31
370.58
390.568
384.29
395.923
376.087
375.518
0
0
0
0
335.128
385.514
378.802
372.673
395.886
368.711
389.537
366.572
360.374
337.649
374.223
366.397
408.932
395.096
420.089
393.225
395.989
371.426
383.945
391.319
408.78
405.128
377.928
409.529
389.223
397.386
0
0
0
0
352.607
340.113
385.798
408.277
419.768
404.56
408.048
381.951
371.777
403.464
392.861
366.679
365.621
395.374
362.214
372.212
338.711
398.528
363.888
386.181
397.63
386.367
396.167
388.268
376.778
371.742
0
0
0
0
356.791
351.574
384.997
321.325
347.305
345.921
340.111
353.845
362.057
344.419
347.482
363.873
330.359
361.209
360.269
389.387
406.224
346.851
375.962
371.017
409.191
401.304
371.175
355.147
369.917
409.037
0
0
0
0
377.264
390.519
385.342
398.072
338.354
390.001
421.571
380.796
375.726
366.046
383.324
413.412
384.566
379.826
383.443
358.899
392.37
379.691
387.574
412.212
366.844
376.472
392.818
349.55
384.967
369.646
0
0
0
0
385.861
372.654
347.619
362.708
392.943
352.711
386.767
398.613
381.072
364.268
389.981
388.026
353.511
334.281
352.531
387.285
404.741
374.13
358.862
373.424
459.268
445.021
466.32
448.592
448.66
469.605
0
0
0
0
440.913
448.806
439.088
502.694
457.479
427.72
359.228
373.829
380.916
369.086
358.37
398.731
385.351
382.267
393.964
379.229
381.357
376.842
347.178
381.159
360.851
341.818
398.015
350.277
363.111
361.212
0
0
0
0
361.457
353.3
337.771
392.952
369.317
333.353
355.257
361.812
385.465
393.914
374.523
341.173
360.226
370.628
383.812
398.138
422.509
386.996
380.599
374.044
372.526
374.378
358.892
374.599
347.474
374.183
0
0
0
0
369.773
396.352
424.197
376.819
399.359
386.773
385.598
374.241
343.946
328.515
379.188
345.259
365.851
372.303
337.84
397.778
321.257
382.674
384.712
380.582
372.46
367.92
365.729
332.544
367.176
332.934
0
0
0
0
398.068
411.997
387.55
365.793
399.536
380.959
366.486
396.27
367.468
361.932
379.692
393.911
348.182
422.597
395.694
417.695
397.714
399.519
405.625
401.836
370.29
408.679
390.189
421.397
398.913
384.838
0
0
0
0
395.882
353.878
372.083
357.076
423.901
368.25
387.896
400.885
377.876
376.856
365.087
361.839
402.065
363.433
377.061
389.953
369.886
397.898
410.946
378.005
421.068
390.681
374.05
387.522
381.603
352.13
0
0
0
0
402.55
386.397
383.38
379.16
384.327
384.279
395.745
397.092
417.675
401.25
393.804
396.459
351.497
378.103
373.031
350.337
391.245
351.896
351.512
385.523
382.669
371.667
394.956
375.611
363.079
398.426
0
0
0
0
360.357
393.176
486.815
488.289
462.39
366.463
524.903
487.95
478.232
516.714
520.103
456.086
383.224
397.894
391.447
482.446
373.758
407.619
354.3
346.883
371.841
367.691
371.885
340.796
368.018
369.776


